x <- 
  structure(c(0, 0, 1.58445383812481, 4.46302183113339, 7.36990843814206, 
              10.4028833174052, 13.0309655975469, 16.3274912652782, 19.6460681819249, 
              23.4941614671684, 27.534335044068, 31.8202768277775, 37.6499602948878, 
              43.9696767324231, 52.6193736359184, 60.8483231097374, 70.4255795477059, 
              80.4977140433083, 91.5230641163681, 103.507291126224, 115.754031688673, 
              128.156121063207, 139.706780000506, 149.907215061269, 159.530517037927, 
              168.83108600896, 177.82471277083, 187.488736914665, 199.348227813248, 
              211.86303320046, 223.208982209382, 235.355252986901, 246.644909157961, 
              257.224039577408, 268.201885223324, 278.770233652131, 288.113551572428, 
              296.984361882226, 305.037265581981, 312.579767779419, 319.976227133041, 
              326.739448716416, 333.835334602684, 340.590504540193, 347.67423578327, 
              355.849944182221, 365.029049456583, 374.720372757927, 386.166749638679, 
              399.51353901795, 414.870911787899, 432.031414648638, 450.089496825926, 
              470.588515214679, 491.822680227491, 516.514611367529, 544.416318234265, 
              574.749341483471, 606.312380676038, 638.629546235237, 671.997252427591, 
              705.840133541396, 739.945758277647, 773.394931864191, 806.641594715021, 
              838.759768342227, 868.677600049109, 896.883672778124, 924.443901756923, 
              950.485742681881, 976.269855207442, 999.725638443417, 1022.09143663827, 
              1043.60931630479, 1064.6531879057, 1085.27396506317, 1104.89519520872, 
              1123.09766442609, 1139.30868167682, 1154.27326036672, 1166.99520823144, 
              1177.83097089807, 1186.75911496318, 1196.01359951368, 1203.98362291604, 
              1211.80578462558, 1219.1329780483, 1225.24118284504, 1230.59249679053, 
              1236.59800980355, 1243.01395015616, 1249.89697399361, 1256.7085053285, 
              1261.62502583476, 1266.88628222196, 1270.06678855915, 1273.2928367396, 
              1277.61390520656, 1280.94730536446, 1285.02543064871, 1288.74418117048, 
              1291.04492767865, 1291.1200550226, 1288.13619692186, 1282.50759045537, 
              1273.13573487972, 1261.89659708708, 1250.51335570451, 1237.03852952313, 
              1223.45716683372, 1209.76559786259, 1196.31953435451, 1181.91921391068, 
              1167.11594027113, 1151.48938724384, 1135.93533071638, 1119.70852227764, 
              1104.21858506102, 1088.37971471097, 1073.74873106196, 1058.41215183334, 
              1042.01633380854, 1028.15562196835, 1014.46839949538, 1002.16284283469, 
              991.115917919822, 980.641331402489, 971.415994986815, 963.288258498202, 
              955.883881513436, 949.273181334558, 943.235228425836, 939.872297046548, 
              937.067137090822, 934.459098049221, 932.190804341865, 930.447737883301, 
              929.487183936861, 928.591360562077, 926.971108286834, 926.350161856159, 
              925.489515815173, 924.067199405238, 922.088055434657, 919.46433639789, 
              917.469976600103, 915.554267763632, 914.675816792463, 913.744437334769, 
              913.421234938168, 912.995446059903, 912.866476941583, 911.919837776598, 
              909.454056963597, 908.050764857471, 907.065520398562, 905.421219119665, 
              903.069348254978, 898.985346743384, 896.124275487593, 894.371937051795, 
              893.28711878962, 893.455995784122, 893.979019002826, 894.668931919265, 
              894.77865636663, 894.128444037999, 894.593089078676, 895.145674231594, 
              896.298623613558, 897.970582161636, 901.322765946264, 905.038579661012, 
              908.579428292037, 913.871439794023, 919.352767193999, 924.887220131616, 
              929.282376524602, 931.958348792474, 932.91695531315, 933.118927702069, 
              933.441148278336, 934.216402830675, 934.857312951287, 935.685448827022, 
              935.830140768434, 935.059127276593, 934.533104536699, 932.723203345678, 
              932.453041040478, 932.194903315189, 932.772009802823, 932.949496102851, 
              932.726843323242, 930.86727070443, 928.009949129711, 924.517742441871, 
              920.696786470582, 915.708840253609, 909.33397625413, 901.435350325032, 
              893.868513180931, 884.687583158314, 874.81467990391, 865.921712027063, 
              857.042954123196, 847.202013655723, 836.317114716724, 825.115219342578, 
              812.993339134093, 799.814790054263, 785.501662258032, 770.402532073841, 
              756.133678219052, 741.793968828701, 728.838827252037, 717.039924702274, 
              706.14370499324, 694.538152028367, 682.488821579898, 669.488376382516, 
              655.977128724893, 643.181312861274, 632.760427704991, 625.123268608229, 
              619.416421253881, 613.838661624748, 608.695881918596, 603.867936494795, 
              600.184929757194, 598.048360175499, 597.672650360062, 597.224584963691, 
              598.301564287083, 599.51306204958, 601.563187775784, 604.077123240288, 
              607.540200550565, 611.593133477297, 614.594190291335, 618.14693487165, 
              621.885630681748, 625.653730464993, 629.626116840456, 633.826018087433, 
              638.419659388464, 644.9026488257, 652.079823160106, 660.458476091746, 
              670.763778294218, 683.374512667292, 698.823342727321, 715.752115929313, 
              736.410587393164, 759.219616289475, 786.247599308221, 814.472484262893, 
              844.884695227264, 877.900511940855, 912.11745917079, 947.103611938733, 
              981.93936042481, 1015.97011613401, 1049.18155348652, 1082.07444555857, 
              1112.49798167784, 1142.01833773719, 1171.42635443787, 1202.46573738935, 
              1235.41390708989, 1270.53491275417, 1305.56183710446, 1340.81875660664, 
              1375.77799518739, 1411.41368336308, 1447.09520767418, 1481.80699764936, 
              1517.83366405242, 1554.90977858407, 1593.1690532108, 1633.53947973731, 
              1673.88885677454, 1715.73509507376, 1757.64874570575, 1800.87185129749, 
              1844.58488185158, 1889.65062508754, 1936.78894099625, 1985.30466113713, 
              2036.21793067692, 2087.452747634, 2139.05359887713, 2192.44870051297, 
              2247.08530399335, 2300.88398554819, 2353.48006161854, 2405.0591457093, 
              2456.61617021877, 2507.65569084816, 2559.10357356502, 2611.46680494263, 
              2666.03057544839, 2721.89671780299, 2779.1120426422, 2835.63475185564, 
              2892.51941540672, 2948.69996438464, 3003.76963968556, 3057.93341345536, 
              3112.30542031465, 3164.4056113086, 3215.25308990502, 3264.80739447986, 
              3312.45013691701, 3359.14488783295, 3405.10724720594, 3450.36441719399, 
              3492.58065661713, 3535.8699062062, 3578.1666883782, 3621.14688093133, 
              3664.27721716113, 3708.76564824886, 3754.67503419681, 3801.48624686079, 
              3849.60473992748, 3897.66146701054, 3947.07332287213, 3996.5414855128, 
              4048.9909957303, 4101.00451879447, 4153.57219878508, 4207.01252654769, 
              4261.53370873656, 4316.24681076622, 4370.47224176049, 4424.72384798163, 
              4478.77654846619, 4530.9698755096, 4582.37444194907, 4632.90998508618, 
              4682.95714105775, 4731.40631579957, 4779.49707646157, 4828.1838491367, 
              4877.42189738834, 4925.98327220546, 4974.05884240967, 5022.01552501448, 
              5069.08328510304, 5113.59027481033, 5157.60163817863, 5199.56096524721, 
              5239.92766698953, 5280.34040469047, 5319.36036171475, 5358.68735239199, 
              5396.31936138094, 5433.04164875269, 5468.6484987831, 5502.27663380568, 
              5534.03235962367, 5564.21879420376, 5593.6992445756, 5620.61903822556, 
              5645.88242126424, 5670.21538380821, 5692.97480474981, 5714.95993277424, 
